P(topic word 1),P(topic word 2),P(topic word 3),P(topic word 4),P(topic word 5)
0.7252840418512388,0.06861016010326097,0.0685933105414077,0.06882798488830995,0.06868450261578248
0.0754223412288666,0.7017039558936166,0.07353915153315188,0.07580655709403561,0.07352799425032923
0.08371676992382376,0.08361430310163954,0.08325329783571978,0.6661711492988509,0.0832444798399661
0.6991809528306029,0.0750103321525002,0.0743014715228987,0.07705913094933092,0.07444811254466718
0.06738376444489218,0.7300014131683663,0.0677180073667109,0.06725296891650535,0.06764384610352521
0.08299852967444875,0.08299102109935577,0.667318147996004,0.0830106915955441,0.08368160963464737
0.06751427475289801,0.06736848300010723,0.06730126926093186,0.7302751308639002,0.0675408421221627
0.07396453536779904,0.7031239090226757,0.07384045836633857,0.07513935344207931,0.07393174380110724
0.08435958573500146,0.6632407154586862,0.08396939878767527,0.08396379109764404,0.08446650892099301
0.7633790274775093,0.060415819715457585,0.05856312985311371,0.05856605917813006,0.059075963775789324
0.09349823871194635,0.6482424739726994,0.08543883126515105,0.08710952631469633,0.0857109297355069
0.07013710766872865,0.06793692385499088,0.067683822374136,0.7263023273413635,0.06793981876078099
0.07283994692543036,0.06436306600752105,0.06341218790803162,0.06503595369207425,0.7343488454669427
0.07350398984235745,0.07350266876785842,0.7058625865129506,0.0736316849193602,0.07349906995747321
0.07041030096666387,0.06833248487096014,0.06832344666098052,0.7247942660559781,0.06813950144541746
0.07396444154842792,0.7031318103927916,0.07383550492316887,0.07512361489863398,0.07394462823697766
0.6937978796828254,0.07625278524120052,0.0747982392103919,0.077236302295307,0.07791479357027523
0.08354569147482871,0.08325198130693472,0.08347182463620595,0.6655124355969572,0.08421806698507359
0.052126904024366594,0.05147920311031281,0.050627801076063704,0.05099547008994228,0.7947706216993146
0.08308324675226249,0.08308456432159132,0.08309905377550546,0.6676446490500865,0.08308848610055436
0.062252951373700294,0.06212316286313649,0.7492248208345359,0.06395807411544638,0.06244099081318087
0.0750390651814719,0.07580756477223768,0.07445890180724579,0.07514184184461091,0.6995526263944338
0.08875404467632524,0.0856712972301123,0.08481052402131778,0.655798099981512,0.08496603409073271
0.10008918295517016,0.5996467621641267,0.10008281314631283,0.10008909942032189,0.10009214231406843
0.05597266006583451,0.05583866147118528,0.7764869334674769,0.05585927913198755,0.055842465863515656
0.5980638697994384,0.10061552111708215,0.10001830610421371,0.10110670030124798,0.10019560267801784
0.06679258586286076,0.06677761555970457,0.0667890423894197,0.06680116692578328,0.7328395892622317
0.06685753298072945,0.06686206254356701,0.7322553220671109,0.06686102735686986,0.06716405505172274
0.5980638697994384,0.10061552111708215,0.10001830610421371,0.10110670030124798,0.10019560267801784
0.06713238206105011,0.0674374393223126,0.7310277773111437,0.0674508370600758,0.06695156424541777
0.6985579145063276,0.07945321298277618,0.07373933855354169,0.0739990163363735,0.07425051762098099
0.08294995570159291,0.08293396194371097,0.08294681698118571,0.08295224433892949,0.6682170210345809
0.07424878248233094,0.07406975973207226,0.07421132259142331,0.07479539951094968,0.7026747356832239
0.07170900741612103,0.06801414123484228,0.7173826291523845,0.07208280777597453,0.07081141442067762
0.6628144512020422,0.08327169703646353,0.08734639559597887,0.08329275477193022,0.08327470139358527
0.04588601062256133,0.8207485813403917,0.04402842674681366,0.04507971279710736,0.044257268493126035
0.06690420878973947,0.06689939615203566,0.7319779881597666,0.06698630557990246,0.06723210131855588
0.07030848315687245,0.7239799733830817,0.06851949647589596,0.06905588014331472,0.06813616684083519
0.059784171426995436,0.05933293574191201,0.05922214267158547,0.7622614404986783,0.059399309660828674
0.7432047934481222,0.06418545733332763,0.06420024510349549,0.06421348610841646,0.06419601800663831
0.06852883422754966,0.06884203761570798,0.06980176175021466,0.06854667070408349,0.7242806957024442
0.07614763649700233,0.0744048867016233,0.07457267315841169,0.07508496124567066,0.6997898423972919
0.0832124830714576,0.6658158619414294,0.08294939362948829,0.08294315719146512,0.08507910416615937
0.6977786066585854,0.07544305010938869,0.07541440310640017,0.07580554436290021,0.07555839576272563
0.07406186385738478,0.704372453975226,0.0737596254587105,0.07375973541713768,0.07404632129154111
0.062138388428415334,0.06250162192150593,0.06453772326806557,0.7487000419376139,0.06212222444439928
0.06277062717530368,0.06377878482658937,0.06317111684623261,0.06276502035176144,0.7475144508001129
0.0829486943272676,0.6682166202474367,0.0829360439999802,0.08295730924056396,0.0829413321847515
0.06198350760260107,0.7516364047757242,0.06196941965990054,0.0619705768933602,0.06244009106841401
0.06765534445590861,0.07112117815970628,0.06759695648118447,0.06865870005926973,0.7249678208439309
0.10136411435050278,0.5968165876757894,0.10004120238376495,0.1000361512771,0.10174194431284275
0.6977873179790461,0.07543491470011014,0.07541896941437697,0.07580738638256954,0.07555141152389705
0.06259195414723835,0.06294405019901358,0.06238443924498292,0.062417566508758286,0.7496619899000069
0.08312756708155478,0.08445630123241343,0.6661761619573375,0.0831216135732407,0.08311835615545356
