P(topic word 1),P(topic word 2),P(topic word 3),P(topic word 4),P(topic word 5)
0.049217493527034084,0.04898885287422706,0.803535567680068,0.048994863557102385,0.0492632223615686
0.7488323621525668,0.06239496167933644,0.0625821996097801,0.06247063604881207,0.06371984050950452
0.5971774969221116,0.10012275778615858,0.1001347391640748,0.1001333298735298,0.10243167625412519
0.09144067711321704,0.08370649391956556,0.08371030096587659,0.6574465398774421,0.08369598812389871
0.7065692934779537,0.0733597611513333,0.07335075428467483,0.0733800635670563,0.07334012751898175
0.073837777661097,0.7060941916092586,0.07335588064278595,0.07336826339567337,0.07334388669118504
0.7901798720421322,0.05247085962025905,0.05245314354166615,0.05246745888101744,0.052428665914925156
0.10115568575133861,0.10004136368880234,0.10003878016110555,0.10005002270711635,0.5987141476916371
0.07433095486304553,0.7042217589624055,0.07425661448677429,0.0736102559732812,0.07358041571449357
0.0695918579512544,0.06964621818714248,0.06962797467770325,0.06964483792317658,0.7214891112607232
0.5990952750630654,0.1000322044941639,0.10003313317358994,0.10081007490678884,0.10002931236239199
0.6666030414235218,0.08328498245546827,0.08329230973294147,0.08353792040340113,0.08328174598466727
0.06735588395053262,0.06718172049131815,0.0684557348057891,0.06717681345259728,0.729829847299763
0.6681889054312626,0.08295590874088934,0.08294889355232345,0.0829611614636676,0.08294513081185675
0.08350648907190096,0.0831579597120107,0.0831391791270134,0.08316531439198917,0.6670310576970857
0.08289963491370925,0.6683221146986076,0.08293242696656931,0.08293349197785056,0.0829123314432633
0.06075525235279914,0.06079940269884803,0.7568062402863431,0.060790926179935256,0.06084817848207452
0.8118863036172947,0.04681142157259649,0.04749315077489896,0.046740030233316104,0.047069093801893815
0.10006066381317538,0.1001035864771346,0.10008054386242604,0.100111190098873,0.599644015748391
0.07332847934364382,0.07337340393444987,0.07421250293796328,0.7056660127613191,0.07341960102262403
0.06803029495885135,0.0672299233996595,0.06722109691081198,0.06723875803019605,0.730279926700481
0.07698654630074257,0.07380347112108858,0.07380937584583903,0.07381579187324955,0.7015848148590803
0.07345919191291903,0.07337588573801028,0.7064495241593801,0.07336942117551044,0.07334597701418001
0.08290048102177154,0.6683226559064919,0.08292734631739342,0.08293586706734414,0.08291364968699898
0.08289953963190194,0.08293965588133868,0.0829302585003999,0.6683119634362518,0.08291858255010782
0.7050533540162555,0.07459259031360412,0.07345182896008877,0.07346975488296766,0.0734324718270842
0.599460614104156,0.10013650887246975,0.1001348473622334,0.10014469696010933,0.10012333270103166
0.10004845623539578,0.5997202408232607,0.10008690269018933,0.1000867204383616,0.10005767981279262
0.6646366730086557,0.08370797320434963,0.08370687379533433,0.08371686726312409,0.0842316127285362
0.10004973747604544,0.10009340975639332,0.10006725286390088,0.599733568784201,0.10005603111945928
0.7016242647079918,0.07393933989382398,0.07392587360964782,0.07407284933710441,0.07643767245143207
0.0829777553260234,0.08303042543440245,0.6668597825600832,0.08414941758157128,0.0829826190979199
0.7308681758756882,0.06725390886377074,0.06724047972537389,0.06724106454400702,0.06739637099116005
0.7045622992095187,0.07378683295503304,0.07379666655346082,0.0737906283309464,0.07406357295104102
0.7054614324156101,0.07343260711362536,0.07341992901324627,0.0734349770207601,0.074251054436758
0.6681177555033422,0.08297861681844867,0.08297151661199734,0.08298246554163778,0.08294964552457386
0.07451614017416071,0.0743927871252281,0.703353683586188,0.07374287241344236,0.07399451670098087
0.6649994784432965,0.08369840366260861,0.08369320831399805,0.08392852137326445,0.08368038820683249
0.035340762192932564,0.035420548930291645,0.03547184730046227,0.035647144606097254,0.8581196969702162
0.07327659042521305,0.07330572399138711,0.07331428337219006,0.7068176794039129,0.07328572280729687
0.2,0.2,0.2,0.2,0.2
0.07390359015555893,0.07340735532272051,0.07337947600557627,0.07339640115717594,0.7059131773589683
0.6646170526876456,0.08430558630164267,0.0843950505272053,0.0833605156567254,0.08332179482678097
0.054980214677196146,0.05503890606714006,0.055031670144670815,0.05503644376798523,0.7799127653430077
